20
0.00 1.05 0.67 1.35 1.19 0.84 1.15 1.14 1.00 1.59 1.49 1.11 1.05 0.42 0.78 1.06 1.22 1.05 0.90 1.74
1.05 0.00 0.99 0.58 0.97 1.11 1.14 0.52 0.53 0.81 1.14 0.53 1.39 0.79 0.85 1.02 0.93 0.68 1.29 0.90
0.67 0.99 0.00 1.00 0.49 0.31 1.03 0.84 0.53 1.05 1.25 1.13 0.86 0.91 1.31 1.23 1.41 1.36 0.87 1.00
1.35 0.58 1.00 0.00 0.37 1.28 1.51 0.59 0.93 1.05 0.67 0.91 1.33 1.04 1.03 1.36 1.21 0.80 0.82 0.82
1.19 0.97 0.49 0.37 0.00 0.63 1.14 0.83 0.85 1.06 0.47 0.86 1.14 1.35 0.99 1.20 1.42 1.43 0.51 0.65
0.84 1.11 0.31 1.28 0.63 0.00 0.65 1.05 0.95 0.80 0.92 0.88 0.97 1.25 1.29 1.00 1.32 1.46 0.89 1.03
1.15 1.14 1.03 1.51 1.14 0.65 0.00 1.64 0.84 0.38 1.01 0.99 1.21 0.99 0.82 0.98 0.68 1.37 1.56 0.78
1.14 0.52 0.84 0.59 0.83 1.05 1.64 0.00 0.64 0.96 0.76 0.50 0.87 1.24 0.99 1.14 1.23 0.91 0.64 0.78
1.00 0.53 0.53 0.93 0.85 0.95 0.84 0.64 0.00 0.59 1.21 0.68 0.94 0.74 0.70 1.29 0.83 1.16 1.28 0.64
1.59 0.81 1.05 1.05 1.06 0.80 0.38 0.96 0.59 0.00 0.85 0.77 1.17 1.12 0.99 1.37 0.69 1.15 1.60 0.57
1.49 1.14 1.25 0.67 0.47 0.92 1.01 0.76 1.21 0.85 0.00 0.59 1.17 1.79 0.69 0.99 1.27 1.50 0.41 0.46
1.11 0.53 1.13 0.91 0.86 0.88 0.99 0.50 0.68 0.77 0.59 0.00 0.85 1.20 0.41 0.78 0.65 0.95 0.78 0.83
1.05 1.39 0.86 1.33 1.14 0.97 1.21 0.87 0.94 1.17 1.17 0.85 0.00 1.10 1.14 0.55 0.54 0.71 0.71 1.01
0.42 0.79 0.91 1.04 1.35 1.25 0.99 1.24 0.74 1.12 1.79 1.20 1.10 0.00 0.84 1.36 0.66 0.53 1.58 1.69
0.78 0.85 1.31 1.03 0.99 1.29 0.82 0.99 0.70 0.99 0.69 0.41 1.14 0.84 0.00 1.05 0.70 1.20 0.89 0.98
1.06 1.02 1.23 1.36 1.20 1.00 0.98 1.14 1.29 1.37 0.99 0.78 0.55 1.36 1.05 0.00 0.73 0.80 0.70 0.85
1.22 0.93 1.41 1.21 1.42 1.32 0.68 1.23 0.83 0.69 1.27 0.65 0.54 0.66 0.70 0.73 0.00 0.41 1.45 1.08
1.05 0.68 1.36 0.80 1.43 1.46 1.37 0.91 1.16 1.15 1.50 0.95 0.71 0.53 1.20 0.80 0.41 0.00 1.32 1.45
0.90 1.29 0.87 0.82 0.51 0.89 1.56 0.64 1.28 1.60 0.41 0.78 0.71 1.58 0.89 0.70 1.45 1.32 0.00 0.87
1.74 0.90 1.00 0.82 0.65 1.03 0.78 0.78 0.64 0.57 0.46 0.83 1.01 1.69 0.98 0.85 1.08 1.45 0.87 0.00
